---------
4
2.000000
6.199998
0.030000
0.000000
1.000000 3.099999 1.000000
-4.218579 1.000000 -1.884306
1.000000 1.000000 1.000000 1.000000 0.720000 0.542857 
1.000000 1.000000 1.000000 1.000000 
---------
4
2.000000
0.100000
0.030000
0.000000
24.300056 0.050000 0.700000
0.000000 1.000000 0.000000
1.000000 1.000000 1.000000 1.000000 1.000000 1.000000 
1.000000 1.000000 1.000000 1.000000 
---------
8
2.000000
2.400000
0.030000
0.000000
1.000000 1.200000 1.000000
-1.355087 1.000000 -1.959190
1.000000 1.000000 1.000000 0.782857 1.000000 0.742857 
0.675765 1.000000 1.000000 1.000000 1.000000 1.000000 1.000000 1.000000 
---------
4
2.000000
3.800000
0.030000
0.000000
0.600000 1.900000 0.700000
-7.221359 1.000000 2.766664
1.000000 1.000000 1.000000 1.000000 1.000000 1.000000 
1.000000 1.000000 1.000000 1.000000 
---------
3
2.000000
3.400000
0.030000
-75.000000
1.000000 1.700000 1.000000
-3.405907 1.000000 2.455935
1.000000 1.000000 1.000000 1.000000 1.211429 0.685714 
1.000000 1.000000 1.000000 
---------
4
2.000000
5.399999
0.030000
-5.000000
0.900000 2.700000 0.900000
7.673882 1.000000 -2.121750
1.000000 1.480000 1.005714 0.942857 1.308571 0.662857 
1.000000 1.000000 1.000000 1.000000 
---------
4
2.000000
2.600000
0.030000
0.000000
1.000000 1.300000 1.000000
-5.084871 1.000000 -7.691824
1.000000 1.000000 1.000000 1.000000 1.000000 1.000000 
1.000000 1.000000 1.000000 1.000000 
---------
4
2.000000
2.000000
0.030000
0.000000
2.100000 1.000000 0.800000
-1.405975 1.000000 5.412029
1.000000 1.000000 1.000000 1.000000 1.000000 1.000000 
1.000000 1.000000 1.000000 1.000000 
---------
4
2.000000
0.100000
0.030000
0.000000
0.700000 0.050000 25.900063
1.026773 1.000000 0.831665
1.000000 1.000000 1.000000 1.000000 1.000000 1.000000 
1.000000 1.000000 1.000000 1.000000 
---------
6
2.000000
2.000000
0.030000
5.000000
1.000000 1.000000 1.000000
3.210392 1.000000 3.733952
1.000000 1.000000 1.000000 1.000000 1.000000 1.000000 
0.097022 1.000000 0.987808 0.787919 1.000000 1.000000 
---------
5
2.000000
3.000000
0.030000
-35.000000
0.700000 1.500000 0.700000
4.418467 1.000000 -2.655949
1.000000 1.000000 1.000000 1.000000 1.000000 1.000000 
1.000000 1.000000 1.000000 1.000000 1.000000 
---------
4
2.000000
2.600000
0.030000
0.000000
1.000000 1.300000 1.000000
3.987010 1.000000 1.596070
1.000000 1.000000 1.000000 1.000000 1.000000 1.000000 
1.000000 1.000000 1.000000 1.000000 
---------
4
2.000000
3.800000
0.030000
0.000000
0.700000 1.900000 0.800000
8.984653 1.000000 1.437941
1.000000 1.000000 1.000000 1.000000 1.000000 1.000000 
1.000000 1.000000 1.000000 1.000000 
---------
4
2.000000
2.000000
0.030000
0.000000
1.000000 1.000000 0.500000
-6.620420 1.000000 4.597043
1.000000 1.000000 1.000000 1.000000 1.000000 1.000000 
1.000000 1.000000 1.000000 1.000000 
---------
6
2.000000
2.000000
0.030000
0.000000
1.000000 1.000000 1.000000
-7.602237 1.000000 -1.809724
1.000000 1.000000 1.188571 1.000000 1.000000 0.788571 
1.000000 1.000000 1.000000 1.000000 1.000000 1.000000 
---------
5
2.000000
8.199997
0.030000
0.000000
1.000000 4.099998 0.900000
6.484776 1.000000 5.371537
1.000000 1.000000 0.897143 0.811429 0.628571 0.434286 
1.000000 1.000000 1.000000 1.000000 1.000000 
---------
3
2.000000
1.600000
0.030000
0.000000
1.000000 0.800000 1.000000
-5.529667 1.000000 1.487133
1.000000 1.000000 0.851429 1.000000 1.000000 0.754286 
1.000000 1.000000 1.000000 
---------
4
2.000000
2.400000
0.030000
0.000000
1.900000 1.200000 0.600000
-10.476547 1.000000 1.810887
1.000000 1.000000 1.000000 1.000000 1.000000 1.000000 
1.000000 1.000000 1.000000 1.000000 
---------
4
2.000000
2.000000
0.030000
0.000000
1.000000 1.000000 1.000000
-2.898817 1.000000 -4.904399
1.000000 1.000000 1.000000 1.000000 1.000000 1.000000 
1.000000 1.000000 1.000000 1.000000 
---------
4
2.000000
2.000000
0.030000
0.000000
1.000000 1.000000 1.000000
3.783343 1.000000 -4.563835
1.000000 1.000000 1.000000 1.000000 1.000000 1.000000 
1.000000 1.000000 1.000000 1.000000 
---------
4
2.000000
2.000000
0.030000
0.000000
1.000000 1.000000 1.500000
-1.903878 1.000000 9.751258
1.000000 1.000000 1.000000 1.000000 1.000000 1.000000 
1.000000 1.000000 1.000000 1.000000 
---------
4
2.000000
2.600000
0.030000
-90.000000
0.400000 1.300000 0.600000
-10.770611 1.000000 -1.620854
1.028571 1.280000 1.000000 1.000000 1.085714 0.628571 
1.000000 1.000000 1.000000 1.000000 
---------
43
2.000000
3.800000
0.030000
0.000000
1.000000 1.900000 1.100000
4.709659 1.000000 -7.495940
1.000000 1.000000 1.000000 0.691429 1.000000 0.605714 
1.000000 1.000000 1.000000 1.000000 1.000000 1.000000 1.000000 1.000000 1.000000 1.000000 1.000000 1.000000 1.000000 1.000000 1.000000 1.000000 1.000000 1.000000 1.000000 1.000000 1.000000 1.000000 1.000000 1.000000 1.000000 1.000000 1.000000 1.000000 1.000000 1.000000 1.000000 1.000000 1.000000 1.000000 1.000000 1.000000 1.000000 1.000000 1.000000 1.000000 1.000000 1.000000 1.000000 
---------
4
2.000000
2.000000
0.030000
0.000000
1.000000 1.000000 0.400000
-7.888862 1.000000 -5.265845
1.000000 1.000000 1.000000 1.000000 1.000000 1.000000 
1.000000 1.000000 1.000000 1.000000 
---------
6
2.000000
3.000000
0.030000
0.000000
1.000000 1.500000 1.000000
2.987925 1.000000 7.546507
1.000000 1.000000 1.000000 1.000000 1.000000 1.000000 
1.000000 1.000000 1.000000 1.000000 1.000000 1.000000 
---------
4
2.000000
2.000000
0.030000
0.000000
1.000000 1.000000 1.000000
-3.265620 1.000000 7.262193
1.000000 1.000000 1.000000 1.000000 1.257143 1.000000 
1.000000 1.000000 1.000000 1.000000 
---------
4
2.000000
2.600000
0.030000
0.000000
1.000000 1.300000 1.000000
3.090331 1.000000 10.333241
1.000000 1.000000 1.000000 1.000000 1.000000 1.000000 
0.407284 1.235492 1.328787 0.458591 
---------
6
2.000000
3.000000
0.030000
0.000000
1.000000 1.500000 1.000000
3.551339 1.000000 -9.476086
1.000000 1.000000 1.000000 1.000000 0.942857 0.577143 
1.000000 0.536999 1.000000 1.000000 1.000000 0.645085 
---------
4
2.000000
4.200000
0.030000
0.000000
1.000000 2.100000 1.000000
7.705670 1.000000 -4.981694
1.000000 1.000000 1.000000 1.000000 1.000000 1.000000 
1.000000 1.000000 1.000000 1.000000 
---------
4
2.000000
2.000000
0.030000
0.000000
1.000000 1.000000 1.000000
-5.984340 1.000000 6.678484
1.000000 1.000000 1.000000 1.000000 1.000000 1.000000 
1.000000 1.000000 1.000000 1.000000 
---------
3
2.000000
2.000000
0.030000
0.000000
1.000000 1.000000 1.000000
-1.563572 1.000000 -7.730213
1.000000 1.000000 1.000000 1.000000 1.000000 1.000000 
1.000000 1.000000 1.000000 
---------
18
2.000000
2.000000
0.030000
0.000000
1.000000 1.000000 1.000000
8.569845 1.000000 3.356769
1.000000 1.000000 1.000000 1.000000 1.000000 1.000000 
1.000000 1.000000 1.000000 1.000000 1.000000 1.000000 1.000000 1.000000 1.000000 1.000000 1.000000 1.000000 1.000000 1.000000 1.000000 1.000000 1.000000 1.000000 
END_LIST