---------
7
2.000000
14.399991
0.800000
15.000000
1.000000 7.199996 1.000000
11.059175 1.000000 4.779508
1.188571 1.114286 1.034286 0.925714 0.737143 0.440000 
1.000000 1.000000 1.000000 1.000000 1.000000 1.000000 1.000000 
---------
4
2.000000
4.000000
0.800000
0.000000
0.700000 2.000000 0.700000
1.795287 1.000000 -1.719743
1.000000 1.000000 1.000000 1.000000 1.000000 1.000000 
1.000000 1.000000 1.000000 1.000000 
---------
4
2.000000
2.000000
0.800000
0.000000
1.000000 1.000000 0.700000
-9.527290 1.000000 -2.242841
1.000000 1.000000 1.000000 1.000000 1.000000 1.000000 
1.000000 1.000000 1.000000 1.000000 
---------
7
2.000000
4.400000
0.800000
0.000000
1.000000 2.200000 1.000000
-2.128189 1.000000 -7.078037
1.000000 1.000000 1.000000 1.000000 1.000000 1.000000 
1.000000 1.000000 1.000000 1.000000 1.000000 1.000000 1.000000 
---------
5
2.000000
5.799999
0.800000
-20.000000
1.000000 2.899999 1.000000
-1.998066 1.000000 12.922673
1.000000 0.988571 1.000000 1.211429 1.371428 0.834286 
1.000000 1.000000 1.000000 1.000000 1.000000 
---------
11
2.000000
9.399996
0.800000
0.000000
1.200000 4.699998 1.200000
10.372826 1.000000 -7.241957
1.000000 1.245714 1.285714 0.822857 1.411429 0.817143 
1.000000 1.000000 1.000000 1.000000 1.000000 1.000000 1.000000 1.000000 1.000000 1.000000 1.000000 
---------
3
2.000000
3.600000
0.800000
35.000000
1.000000 1.800000 1.000000
3.460647 1.000000 6.173978
1.000000 1.000000 1.000000 1.000000 1.000000 0.822857 
1.000000 1.000000 1.000000 
---------
11
2.000000
1.600000
0.800000
70.000000
1.000000 0.800000 1.000000
-2.249454 1.000000 2.786964
1.000000 1.000000 1.000000 1.000000 1.000000 1.000000 
1.000000 1.000000 1.000000 1.000000 1.000000 1.000000 1.000000 1.000000 1.000000 1.000000 1.000000 
---------
4
2.000000
6.399998
0.800000
0.000000
1.100000 3.199999 1.200000
1.981772 1.000000 0.668924
1.000000 1.000000 1.000000 1.000000 1.000000 1.000000 
1.000000 1.000000 1.000000 1.000000 
---------
4
2.000000
2.000000
0.800000
0.000000
1.000000 1.000000 1.000000
-9.943671 1.000000 -11.845880
1.000000 1.000000 1.000000 1.000000 1.000000 1.000000 
1.000000 1.000000 1.000000 1.000000 
---------
18
2.000000
3.000000
0.800000
0.000000
1.700000 1.500000 1.500000
14.812967 1.000000 10.554099
1.000000 1.000000 1.000000 1.000000 1.000000 1.000000 
1.000000 1.000000 1.000000 1.000000 1.000000 1.000000 1.000000 1.000000 1.000000 1.000000 1.000000 1.000000 1.000000 1.000000 1.000000 1.000000 1.000000 1.000000 
---------
4
2.000000
3.800000
0.800000
0.000000
0.500000 1.900000 0.700000
1.986259 1.000000 14.532532
1.000000 1.000000 1.000000 1.000000 1.000000 1.000000 
1.000000 1.000000 1.000000 1.000000 
---------
11
2.000000
6.399998
0.800000
0.000000
1.000000 3.199999 1.000000
6.721952 1.000000 -7.042633
1.000000 1.000000 0.706475 1.000000 0.879137 0.746763 
1.000000 1.000000 1.000000 1.000000 1.000000 1.000000 1.000000 1.000000 1.000000 1.000000 1.000000 
---------
5
2.000000
7.199997
0.800000
0.000000
1.000000 3.599999 1.000000
-7.350025 1.000000 -7.152008
1.000000 1.000000 1.000000 1.034532 0.936691 0.879137 
1.000000 1.000000 1.000000 1.000000 1.000000 
---------
4
2.000000
0.800000
0.800000
0.000000
1.000000 0.400000 0.900000
-12.898022 1.000000 10.093207
1.000000 1.000000 1.000000 1.000000 1.000000 1.000000 
1.000000 1.000000 1.000000 1.000000 
---------
7
2.000000
1.400000
0.800000
0.000000
1.000000 0.700000 1.000000
-12.716509 1.000000 7.354970
1.000000 1.000000 1.000000 1.000000 1.000000 1.000000 
1.000000 1.000000 1.000000 1.000000 1.000000 1.000000 1.000000 
---------
16
2.000000
7.199997
0.800000
0.000000
0.500000 3.599999 0.500000
1.627617 1.000000 8.309334
1.000000 1.000000 1.000000 1.000000 0.988489 0.976978 
1.000000 1.000000 1.000000 1.000000 1.000000 1.000000 1.000000 1.000000 1.000000 1.000000 1.000000 1.000000 1.000000 1.000000 1.000000 1.000000 
---------
6
2.000000
3.800000
0.800000
15.000000
0.600000 1.900000 0.700000
5.999199 1.000000 1.698371
1.000000 1.000000 1.000000 1.000000 1.000000 1.000000 
1.000000 1.000000 1.000000 1.000000 1.000000 1.000000 
---------
4
2.000000
2.000000
0.800000
0.000000
1.000000 1.000000 1.000000
6.093605 1.000000 -11.701820
1.000000 1.000000 1.000000 1.000000 1.000000 1.000000 
1.000000 1.000000 1.000000 1.000000 
---------
6
2.000000
3.000000
0.800000
-30.000000
1.000000 1.500000 1.000000
-2.423646 1.000000 -2.526805
1.000000 1.000000 1.000000 1.000000 1.443166 0.827338 
1.000000 1.000000 1.000000 1.000000 1.000000 1.000000 
---------
4
2.000000
2.000000
0.800000
0.000000
2.000000 1.000000 1.100000
7.547469 1.000000 15.759397
1.000000 1.000000 1.000000 1.000000 1.000000 1.000000 
1.000000 1.000000 1.000000 1.000000 
---------
4
2.000000
2.600000
0.800000
-25.000000
0.900000 1.300000 1.000000
-4.337178 1.000000 2.083829
1.000000 1.000000 1.000000 1.000000 1.000000 1.000000 
1.000000 1.000000 1.000000 1.000000 
---------
4
2.000000
5.999999
0.800000
0.000000
1.000000 2.999999 1.000000
-15.674618 1.000000 3.135768
1.000000 1.000000 1.000000 1.000000 1.000000 1.000000 
1.000000 1.000000 1.000000 1.000000 
---------
4
2.000000
8.199997
0.800000
0.000000
0.600000 4.099998 0.600000
1.633069 1.000000 -6.386643
1.000000 1.000000 1.000000 1.000000 1.000000 1.000000 
1.000000 1.000000 1.000000 1.000000 
---------
4
2.000000
3.800000
0.800000
0.000000
1.000000 1.900000 1.000000
2.102237 1.000000 10.408495
1.000000 1.000000 1.000000 1.000000 1.000000 1.000000 
1.000000 1.000000 1.000000 1.000000 
---------
6
2.000000
2.600000
0.800000
0.000000
1.000000 1.300000 1.000000
-8.531222 1.000000 8.151160
0.930935 1.000000 0.879137 1.000000 0.579856 0.591367 
1.000000 1.000000 1.000000 1.000000 1.000000 1.000000 
---------
4
2.000000
1.200000
0.800000
0.000000
0.700000 0.600000 0.700000
-12.407096 1.000000 0.440813
1.000000 1.000000 1.000000 1.000000 1.000000 1.000000 
1.000000 1.000000 1.000000 1.000000 
---------
8
2.000000
3.800000
0.800000
0.000000
1.000000 1.900000 1.000000
-12.757255 1.000000 -11.431250
1.000000 1.000000 0.827338 1.000000 0.948201 0.884892 
1.000000 1.000000 1.000000 1.000000 1.000000 1.000000 1.000000 1.000000 
---------
4
2.000000
3.200000
0.800000
-90.000000
1.700000 1.600000 1.000000
-5.687706 1.000000 12.701865
1.000000 1.000000 1.000000 1.000000 1.000000 1.000000 
1.000000 1.000000 1.000000 1.000000 
---------
8
2.000000
2.000000
0.800000
0.000000
0.800000 1.000000 0.800000
11.173076 1.000000 9.598664
1.000000 1.000000 1.132374 1.000000 1.000000 1.000000 
1.000000 1.000000 1.000000 1.000000 1.000000 1.000000 1.000000 1.000000 
---------
4
2.000000
3.200000
0.800000
100.000000
1.100000 1.600000 1.400000
16.201822 1.000000 -3.185755
1.000000 1.000000 1.000000 1.000000 1.000000 1.000000 
0.581133 1.000000 1.000000 0.531413 
---------
4
2.000000
3.200000
0.800000
0.000000
1.200000 1.600000 1.400000
8.839953 1.000000 7.911130
1.000000 1.000000 1.000000 1.000000 1.000000 1.000000 
1.000000 1.000000 1.000000 1.000000 
---------
5
2.000000
4.600000
0.800000
-50.000000
1.000000 2.300000 1.000000
2.085954 1.000000 3.054348
1.000000 1.000000 1.000000 1.000000 1.000000 1.000000 
1.000000 1.000000 1.000000 1.000000 1.000000 
---------
4
2.000000
3.200000
0.800000
0.000000
2.000000 1.600000 1.700000
10.598869 1.000000 -12.291203
1.000000 1.000000 1.000000 1.000000 1.000000 1.000000 
1.000000 1.000000 1.000000 1.000000 
END_BUILDING_LIST
+++++
0.900000
17.800011
0.000000
0.000000 0.000000 0.000000
+++++
0.900000
17.900011
-270.000000
-0.093934 0.000000 -4.700727
+++++
0.500000
18.000011
0.000000
17.547617 0.000000 -0.122422
+++++
0.700000
18.000011
0.000000
-17.288872 0.000000 -0.089268
+++++
0.600000
18.000011
-90.000000
-0.079419 0.000000 -17.790108
+++++
0.500000
18.000011
-90.000000
0.078024 0.000000 17.477999
+++++
0.300000
14.499998
0.000000
-11.248396 0.000000 -2.758806
+++++
0.600000
16.000004
-65.000000
3.313896 0.000000 4.515736
+++++
0.600000
15.900003
-115.000000
3.229918 0.000000 7.670672
+++++
0.300000
4.099977
0.000000
4.599168 0.000000 0.059003
+++++
0.300000
2.799979
0.000000
9.542309 0.000000 -1.813388
+++++
0.300000
6.699975
0.000000
12.676575 0.000000 -10.638033
+++++
0.300000
4.399977
0.000000
-5.586668 0.000000 -9.341793
+++++
0.300000
3.399978
0.000000
-7.195095 0.000000 5.607035
+++++
0.300000
6.299975
0.000000
12.540766 0.000000 6.234853
+++++
0.200000
2.999979
0.000000
7.121240 0.000000 5.994328
+++++
0.000000
15.100000
0.000000
-3.101338 0.000000 -0.303027
+++++
0.300000
6.599975
0.000000
4.710234 0.000000 -11.726372
+++++
0.200000
4.199977
0.000000
-4.261098 0.000000 12.889838
+++++
0.300000
3.399978
0.000000
9.767053 0.000000 14.125952
+++++
0.300000
7.899974
-90.000000
-8.759204 0.000000 14.332945
+++++
0.300000
14.099997
-90.000000
3.097121 0.000000 -13.958686
+++++
0.300000
7.999974
-90.000000
-8.907191 0.000000 -1.175570
+++++
0.200000
4.399977
-90.000000
5.290068 0.000000 12.931282
+++++
0.200000
5.099977
-90.000000
12.343497 0.000000 6.465639
+++++
0.300000
2.599979
-90.000000
-14.106853 0.000000 4.408389
+++++
0.400000
2.899979
-90.000000
-13.812961 0.000000 11.461818
+++++
0.300000
1.099979
0.000000
-11.172076 0.000000 12.906655
+++++
0.300000
2.599979
-90.000000
-14.125127 0.000000 -9.752205
END_STREET_LIST