---------
8
2.000000
2.000000
0.800000
0.000000
1.000000 1.000000 1.300000
0.000000 1.000000 0.000000
1.000000 1.000000 1.000000 1.000000 1.000000 1.000000 
1.000000 1.000000 1.000000 1.000000 1.000000 1.000000 1.000000 1.000000 
---------
4
2.000000
5.199999
0.800000
0.000000
1.000000 2.600000 1.000000
-9.959291 1.000000 0.000000
1.000000 1.000000 1.000000 1.000000 1.000000 1.000000 
1.000000 1.000000 1.000000 1.000000 
---------
4
2.000000
2.000000
0.800000
-25.000000
1.000000 1.000000 1.000000
-1.732051 1.000000 5.196152
1.000000 1.000000 1.000000 1.000000 1.000000 1.000000 
1.000000 1.000000 1.000000 1.000000 
END_BUILDING_LIST
+++++
0.500000
15.000000
35.000000
-6.062177 0.000000 0.433013
+++++
2.300000
15.000000
0.000000
6.062177 0.000000 0.000000
+++++
0.700000
6.199975
0.000000
-13.423395 0.000000 6.928202
END_STREET_LIST